0 -> 775 651 79 946 942 942 151
1 -> 240 956 549 290 834
2 -> 437 906 608 805 725 72 242 745 61 440 515
3 -> 917 146 790 207 796 116 924
4 -> 323 410 72 748 442 384 849
5 -> 271 691 4 388 448 848
6 -> 370 639 748 467 921 909 32 165 452 30
7 -> 984 782 711 50 61 803 524 106 643
8 -> 57 433 390 122 674
9 -> 379 908 477 305 876 297 415 94 378 226 56
10 -> 82 167 17 958 196 380 992 989 29 301
11 -> 124 317 839 191 882 231 976 469
12 -> 643 541 515
13 -> 498 726 774 111 378 723 221 473 752 523 638 789
14 -> 353 518 88 280 297
15 -> 279 816 286 975 319 614 799 503 861
16 -> 228 207 838 408
17 -> 226 82 268 814 640 489 719
18 -> 88 544 250 115 377 643 658
19 -> 651 379 411 686 202 217
20 -> 781 897 630 330 117 961 61 543 323 996 603
21 -> 473 739 184 511 833 953
22 -> 471 464 347 779 205 694
23 -> 203 158 310 449 726 982 437 259 185 940 702
24 -> 465 747 238 963
25 -> 687 104 645 959 497 732 988 12 417 176 176 657
26 -> 566 938 418 925 28 156
27 -> 933 988 813 868 674 375 839
28 -> 804 464 452 47 789 692 288
29 -> 959 792 10 455 77 99 8 586
30 -> 607 12 764 905 590 236 677 823 972 204
31 -> 661 776 938 901 216 995 382 546 564 707
32 -> 755 698 315 291 964 865 521
33 -> 323 973 35 318 204 546 667 214 973
34 -> 725 619 149 235 650 195
35 -> 926 240 433 302 149 335
36 -> 880 301 331 897 464 938
37 -> 942 603 879 117 562 905 377 862 56 352 165
38 -> 726 239 915 661 905 466 223
39 -> 97 839 308 115 512 497 392 563 462 884
40 -> 122 471 52 531
41 -> 522 274 116 572 907 161 670 57
42 -> 28 606 925 908 86 78 712 813 16
43 -> 549 512 797 224 660 425 656 536 256 599
44 -> 963 704 425 565 179 774
45 -> 922 262 603
46 -> 636 349 899 983 319 663 575 95 383
47 -> 928 218 964 953 212 857
48 -> 179 68 787 92 72 455 969 846 40
49 -> 993 110 407 164 306 215 552 69 602
50 -> 322 561 913 586 330 166 863
51 -> 810 157 557 774 968 601 491 557 83
52 -> 368 842 435 65 680 913 793 87 262 34
53 -> 896 875 581 957 758 981 844
54 -> 957 150 503 89 59 261 653 372
55 -> 731 129 718 713 197 30 476 872
56 -> 671 917 800 197 763 96 739 290
57 -> 234 814 251 755 375 309 914 816 877
58 -> 543 378 608 25 237 834 431 585
59 -> 408 214 89 475 939 824
60 -> 526 713 899 108 75 521 428 603 248 878
61 -> 383 873 1 850 862 533 863
62 -> 852 578 492 905 145 927 437 107 29
63 -> 604 531 179 56 921 233 943 174 271 32
64 -> 619 588 918 837 120 128 508 536 558 638
65 -> 794 451 544 648 365 778 414 453
66 -> 124 259 696 424 322 534 519
67 -> 201 474 567 526 363 963 287 939 964 994 287
68 -> 709 854 527 50 591 859 188 395 157
69 -> 281 878 354 221 308 72 577 734 481
70 -> 9 658 235 767 12 548 585 609 603 130 884
71 -> 324 628 658
72 -> 139 206 768 986 311 15 174 100 7 962 561
73 -> 521 154 318 622 60 24 481 520 772
74 -> 825 228 173 428 68 882
75 -> 657 27 798 460 840
76 -> 965 931 974 798 455 856 809 97 934 740 570
77 -> 511 427 652 297 296 552 884 128
78 -> 207 641 329 990
79 -> 10 11 143 875 732 349 265
80 -> 222 495 618 322 833 776 288 760
81 -> 291 453 811 398 515 365 445 961 743
82 -> 33 543 793 266 668 804
83 -> 701 17 449 741 961 814 245 809
84 -> 206 728 529 93 833 713 69 292 157 224
85 -> 585 969 810 866 254 570 588 113 752
86 -> 257 119 979 442 169 752 401
87 -> 726 967 234 326 590 636 130 933 652 439
88 -> 12 332 500 944 747 203 513 864
89 -> 389 938 970 864 538 755 258 717 96
90 -> 180 864 169 904 354 478
91 -> 620 472 726 931 150 960 928 812
92 -> 463 323 478 175 324 827 66 193 303
93 -> 313 705 214 174 271 818
94 -> 171 830 328 158 17 568 608 570
95 -> 327 44 193 67 970 966 503
96 -> 669 386 306 105 443 490 130 62
97 -> 454 954 38 229 643 388 8 506 66 148
98 -> 259 756 596 638 854
99 -> 700 895 757 847 630 612 854 606 38
100 -> 93 573 274 952 562 637
101 -> 814 38 118 745 855 367
102 -> 676 688 604 153 513 690 891 101 728 767 28
103 -> 700 222 443 114 458
104 -> 660 98 308 650 267 417 806 502
105 -> 276 500 63 621 520 225 620 597 709 632 663
106 -> 232 149 65 228 467 800
107 -> 118 458 737 247 424 421
108 -> 564 599 128 764 156 996
109 -> 577 563 777 508 827 465 306
110 -> 848 996 688 154 780 51 357 148 856
111 -> 648 835 713 609 885 494 661
112 -> 693 938 642 149 502 523 892 824
113 -> 296 44 707 462 476 388
114 -> 321 127 965 446 114
115 -> 951 3 623 263 122 519 692 313
116 -> 943 990 795 135 815 483 937 634 771
117 -> 460 757 511 564 340 109 785 148 21
118 -> 47 102 265 555 182 12 788 200
119 -> 82 207 863 751 251 641 702
120 -> 23 902 174 314 667
121 -> 766 842 35 243 57 435 501 285 964
122 -> 165 100 512 292 726 341 511 573 602 74
123 -> 596 769 397 31 855
124 -> 6 673 898 836 133 766 290
125 -> 799 629 634 188 103 594 464 799 295 895 930
126 -> 908 504 603 800 936 768 973 904 16 358
127 -> 825 963 294 74 102 967 343 94 698
128 -> 968 429 313 482 397 297 198 114
129 -> 554 245 282 894 78
130 -> 705 177 872 285 813 235 729 287 472 788 645 144
131 -> 984 722 496 990 79 715 812 470
132 -> 518 950 712 238 579 533 373 466 615 907
133 -> 716 761 471 823 978
134 -> 990 331 46 871 447 723 594 801 757
135 -> 312 211 860 970 375 779
136 -> 692 602 595 841 166 327 444 154
137 -> 316 978 843 42 135 332 707
138 -> 743 990 684
139 -> 651 644 187 749 928 291 131
553079
